87001	3684	893	311114793	1415463	     120.122	       0.547	 35.376617	-106.337081                                                                                                                       
87002	22517	9754	892137899	1497022	     344.456	       0.578	 34.606524	-106.659036                                                                                                                     
87004	10136	3944	146470760	2962315	      56.553	       1.144	 35.368394	-106.597310                                                                                                                     
87005	799	349	76599578	589611	      29.575	       0.228	 35.267898	-107.977093                                                                                                                          
87006	703	303	148840203	1297219	      57.468	       0.501	 34.489728	-106.843685                                                                                                                        
87007	1080	358	61998456	13117	      23.938	       0.005	 35.024095	-107.509117                                                                                                                          
87008	2552	1253	73290931	6339	      28.298	       0.002	 35.119923	-106.407013                                                                                                                          
87010	1139	848	423210620	9940	     163.403	       0.004	 35.408286	-106.129827                                                                                                                          
87011	84	78	1183577533	111780	     456.982	       0.043	 34.063668	-105.946918                                                                                                                          
87012	261	174	245682230	64990	      94.858	       0.025	 36.107476	-106.664988                                                                                                                          
87013	5200	2334	4816539325	788724	    1859.676	       0.305	 35.912766	-107.380201                                                                                                                      
87014	654	341	572886035	772489	     221.193	       0.298	 35.230813	-107.390449                                                                                                                         
87015	13105	5741	389373365	154044	     150.338	       0.059	 35.076686	-106.182589                                                                                                                      
87016	3730	1498	1973397202	1615188	     761.933	       0.624	 34.775890	-105.924043                                                                                                                     
87017	429	243	434862544	569435	     167.901	       0.220	 36.317041	-106.765493                                                                                                                         
87018	522	220	312485604	126427	     120.651	       0.049	 36.165554	-107.563530                                                                                                                         
87020	11347	4683	2671258955	520230	    1031.379	       0.201	 34.865013	-107.948264                                                                                                                     
87021	3472	915	20099036	3226	       7.760	       0.001	 35.192842	-107.878884                                                                                                                           
87022	907	444	5052949	450199	       1.951	       0.174	 34.895491	-106.707189                                                                                                                           
87023	665	269	8050000	520539	       3.108	       0.201	 34.598436	-106.759585                                                                                                                           
87024	2214	748	224653103	13020	      86.739	       0.005	 35.672850	-106.723247                                                                                                                         
87025	1237	1189	897172067	210684	     346.400	       0.081	 35.841342	-106.628405                                                                                                                       
87026	4063	1416	1309265177	1071128	     505.510	       0.414	 34.965327	-107.233587                                                                                                                     
87027	309	208	92319928	0	      35.645	       0.000	 36.126272	-106.947981                                                                                                                               
87028	145	90	177832849	741098	      68.662	       0.286	 34.379610	-106.767080                                                                                                                          
87029	237	200	832516460	669259	     321.436	       0.258	 36.396636	-106.998492                                                                                                                         
87031	44075	16238	1315802445	2241375	     508.034	       0.865	 34.705471	-107.020536                                                                                                                   
87032	291	145	41191246	0	      15.904	       0.000	 34.851278	-106.011454                                                                                                                               
87034	2207	893	2243446815	110204	     866.200	       0.043	 34.776465	-107.564562                                                                                                                       
87035	7268	3316	568376400	10559	     219.451	       0.004	 34.930805	-105.965548                                                                                                                        
87036	1868	1113	2565169896	576209	     990.418	       0.222	 34.422883	-106.255477                                                                                                                      
87037	677	282	720563509	122821	     278.211	       0.047	 36.166818	-107.762433                                                                                                                         
87038	616	205	66525328	45530	      25.686	       0.018	 35.087627	-107.412347                                                                                                                           
87040	496	216	46315693	37938	      17.883	       0.015	 35.103875	-107.384409                                                                                                                           
87041	881	334	359774201	5953887	     138.910	       2.299	 35.686667	-106.335322                                                                                                                        
87042	3644	1478	11740371	0	       4.533	       0.000	 34.828007	-106.686572                                                                                                                             
87043	5052	2582	221720318	1690	      85.607	       0.001	 35.275451	-106.462126                                                                                                                         
87044	387	194	36526574	0	      14.103	       0.000	 35.665541	-106.644271                                                                                                                               
87045	1751	739	411690993	1793426	     158.955	       0.692	 35.351817	-108.088619                                                                                                                       
87046	186	185	157361341	290717	      60.758	       0.112	 36.253528	-106.909432                                                                                                                         
87047	4894	2396	344055518	2951	     132.841	       0.001	 35.250840	-106.288766                                                                                                                         
87048	8682	3959	27857237	746051	      10.756	       0.288	 35.239583	-106.627078                                                                                                                        
87049	973	360	164301082	353158	      63.437	       0.136	 35.113635	-107.596844                                                                                                                         
87051	969	463	163173595	29347	      63.002	       0.011	 35.035308	-107.852853                                                                                                                          
87052	3182	638	101653743	208675	      39.249	       0.081	 35.493604	-106.312548                                                                                                                        
87053	998	363	745706908	200122	     287.919	       0.077	 35.632313	-107.019619                                                                                                                         
87056	954	513	1264493301	67052	     488.224	       0.026	 35.183058	-105.875931                                                                                                                         
87059	9604	4513	368642166	69245	     142.334	       0.027	 34.996756	-106.300636                                                                                                                        
87061	371	243	341083015	0	     131.693	       0.000	 34.731143	-106.379632                                                                                                                              
87062	1869	757	334683538	0	     129.222	       0.000	 34.440031	-106.658818                                                                                                                             
87063	323	174	844753355	20246	     326.161	       0.008	 34.491637	-105.856713                                                                                                                          
87064	161	130	394961508	8724411	     152.495	       3.369	 36.179253	-106.580980                                                                                                                        
87068	4755	1928	239122480	1041862	      92.326	       0.402	 34.861925	-106.583062                                                                                                                      
87070	42	40	68853943	0	      26.585	       0.000	 35.021835	-105.777997                                                                                                                                 
87072	660	218	57066236	219821	      22.033	       0.085	 35.607030	-106.396834                                                                                                                          
87083	569	318	3436662	0	       1.327	       0.000	 35.648474	-106.342760                                                                                                                                
87102	21204	10253	16826106	156052	       6.497	       0.060	 35.081357	-106.646575                                                                                                                      
87104	12123	5849	11006016	913336	       4.249	       0.353	 35.103183	-106.675548                                                                                                                       
87105	57680	20949	243240517	5983292	      93.916	       2.310	 34.977206	-106.608155                                                                                                                    
87106	27013	13078	27362916	59325	      10.565	       0.023	 35.057920	-106.621262                                                                                                                       
87107	31183	14074	38240621	459863	      14.765	       0.178	 35.137800	-106.642543                                                                                                                      
87108	38647	18935	15224438	0	       5.878	       0.000	 35.072478	-106.578362                                                                                                                           
87109	40432	19546	26199125	183677	      10.116	       0.071	 35.152882	-106.575536                                                                                                                      
87110	38587	18862	22361758	9237	       8.634	       0.004	 35.108194	-106.578147                                                                                                                        
87111	56490	27552	56147469	228270	      21.679	       0.088	 35.143913	-106.487460                                                                                                                      
87112	43584	20177	20921526	155484	       8.078	       0.060	 35.100609	-106.516275                                                                                                                      
87113	14477	6129	23320774	164417	       9.004	       0.063	 35.181016	-106.593624                                                                                                                       
87114	61623	24618	55158454	1473384	      21.297	       0.569	 35.193640	-106.685666                                                                                                                     
87116	4117	1298	8417090	43051	       3.250	       0.017	 35.063087	-106.542538                                                                                                                          
87117	310	1	50544921	188978	      19.516	       0.073	 35.008492	-106.563864                                                                                                                            
87120	58023	23716	99509653	1567429	      38.421	       0.605	 35.134802	-106.754940                                                                                                                     
87121	76721	23826	662970493	2082982	     255.974	       0.804	 35.089534	-106.897470                                                                                                                    
87122	17977	7210	69071660	97015	      26.669	       0.037	 35.191009	-106.501625                                                                                                                        
87123	41468	18503	89634896	453305	      34.608	       0.175	 35.067584	-106.470746                                                                                                                      
87124	51404	20610	182350924	22785	      70.406	       0.009	 35.268498	-106.783682                                                                                                                      
87144	37719	13917	230510920	310989	      89.001	       0.120	 35.325200	-106.705446                                                                                                                     
87301	23674	8844	213685333	14465	      82.504	       0.006	 35.534983	-108.737949                                                                                                                       
87305	3350	1268	592365794	13643	     228.714	       0.005	 35.382497	-108.804064                                                                                                                        
87310	938	384	473965319	69832	     182.999	       0.027	 35.805114	-108.539632                                                                                                                          
87311	4208	1364	501610409	187058	     193.673	       0.072	 35.606491	-108.515804                                                                                                                       
87312	579	230	129374059	0	      49.952	       0.000	 35.422601	-108.323010                                                                                                                              
87313	5662	2272	2474477046	283810	     955.401	       0.110	 35.812450	-108.076499                                                                                                                      
87315	149	134	1537423393	108685	     593.603	       0.042	 34.766798	-108.684918                                                                                                                        
87316	1304	458	321318236	87264	     124.062	       0.034	 35.364684	-108.379958                                                                                                                         
87317	1956	634	60505999	0	      23.361	       0.000	 35.587530	-108.761032                                                                                                                              
87319	1832	722	437660208	22331	     168.982	       0.009	 35.472249	-108.949089                                                                                                                         
87320	765	239	213376435	0	      82.385	       0.000	 35.807855	-108.876098                                                                                                                              
87321	2226	1207	1582440086	868830	     610.984	       0.335	 35.008797	-108.361158                                                                                                                      
87322	247	69	4800642	0	       1.854	       0.000	 35.526020	-108.653142                                                                                                                                 
87323	4558	1979	751509880	1542261	     290.160	       0.595	 35.457714	-108.193532                                                                                                                      
87325	3034	1265	1462973906	902096	     564.857	       0.348	 35.993895	-108.614262                                                                                                                      
87326	1688	680	444075739	250205	     171.459	       0.097	 35.261868	-108.821265                                                                                                                        
87327	7883	2184	1490850175	2387048	     575.620	       0.922	 35.005278	-108.781728                                                                                                                     
87328	2668	995	488258471	3818920	     188.518	       1.474	 35.978740	-108.981282                                                                                                                       
87347	309	132	90389703	0	      34.900	       0.000	 35.427243	-108.446455                                                                                                                               
87357	604	283	175198399	1169	      67.644	       0.000	 34.909665	-108.314887                                                                                                                           
87364	1111	488	399556345	25857	     154.270	       0.010	 36.141420	-108.698339                                                                                                                         
87375	3193	1017	247977475	55598	      95.745	       0.021	 35.675550	-108.756811                                                                                                                        
87401	46293	17411	337668408	2809974	     130.375	       1.085	 36.740321	-108.178691                                                                                                                    
87402	11034	4239	29706129	397104	      11.470	       0.153	 36.781273	-108.144509                                                                                                                       
87410	17603	7247	696189391	3221711	     268.800	       1.244	 36.868277	-107.882308                                                                                                                     
87412	966	480	1301807944	3788564	     502.631	       1.463	 36.697866	-107.475530                                                                                                                       
87413	16792	6348	1666368530	2714466	     643.389	       1.048	 36.415501	-107.978520                                                                                                                    
87415	1791	773	28426621	907291	      10.976	       0.350	 36.817310	-108.094079                                                                                                                         
87416	5454	1665	253226412	2557998	      97.771	       0.988	 36.702191	-108.420803                                                                                                                      
87417	6910	2300	30834459	563659	      11.905	       0.218	 36.743778	-108.345287                                                                                                                        
87418	1059	419	158269375	18404	      61.108	       0.007	 36.950686	-108.150215                                                                                                                         
87419	464	409	757970672	38269431	     292.654	      14.776	 36.864723	-107.492391                                                                                                                       
87420	11967	4050	1387460061	9106083	     535.701	       3.516	 36.852599	-108.899622                                                                                                                    
87421	1871	609	103673213	6295085	      40.028	       2.431	 36.766274	-108.513048                                                                                                                       
87455	1750	709	899083521	151405	     347.138	       0.058	 36.330432	-108.654475                                                                                                                        
87461	1315	657	787139244	1192868	     303.916	       0.461	 36.329475	-108.941587                                                                                                                       
87499	453	191	643089192	103325	     248.298	       0.040	 36.344524	-108.215832                                                                                                                         
87501	15147	10726	206671902	243728	      79.796	       0.094	 35.744123	-105.856810                                                                                                                     
87505	31013	17194	179321360	182291	      69.236	       0.070	 35.616815	-105.874874                                                                                                                     
87506	12580	6759	511786691	945812	     197.602	       0.365	 35.813114	-105.984455                                                                                                                      
87507	45890	18512	214387170	1363746	      82.775	       0.527	 35.595053	-106.110998                                                                                                                    
87508	18183	8020	382646491	0	     147.741	       0.000	 35.527445	-105.968750                                                                                                                           
87510	1096	627	1109696832	2361386	     428.456	       0.912	 36.283201	-106.411504                                                                                                                      
87511	2747	1116	143246030	187554	      55.308	       0.072	 36.105695	-105.930245                                                                                                                       
87512	199	176	535412278	1456795	     206.724	       0.562	 36.923617	-105.343607                                                                                                                        
87513	1007	550	86118883	0	      33.251	       0.000	 36.579582	-105.687330                                                                                                                              
87514	1345	856	45483808	0	      17.561	       0.000	 36.541237	-105.525200                                                                                                                              
87515	311	191	344404597	459160	     132.975	       0.177	 36.497233	-106.393396                                                                                                                         
87516	130	74	139335974	7883	      53.798	       0.003	 36.153554	-106.463052                                                                                                                            
87517	356	405	203625602	0	      78.620	       0.000	 36.394846	-105.787582                                                                                                                              
87518	91	62	232068512	480439	      89.602	       0.185	 36.508220	-106.562067                                                                                                                           
87519	460	253	59152426	0	      22.839	       0.000	 36.769912	-105.627938                                                                                                                               
87520	1419	1168	672244484	1295762	     259.555	       0.500	 36.874364	-106.633097                                                                                                                      
87521	1003	529	255205605	94367	      98.535	       0.036	 36.017328	-105.612977                                                                                                                         
87522	3384	1669	404536069	473373	     156.192	       0.183	 35.930826	-105.789765                                                                                                                       
87523	405	199	18705674	0	       7.222	       0.000	 36.013644	-105.842738                                                                                                                               
87524	260	169	309482386	0	     119.492	       0.000	 36.932428	-105.672292                                                                                                                              
87525	72	290	55102552	24043	      21.275	       0.009	 36.569317	-105.456847                                                                                                                            
87527	880	492	93499288	101231	      36.100	       0.039	 36.151259	-105.838296                                                                                                                          
87528	3417	1257	1986296511	6086669	     766.913	       2.350	 36.671546	-106.983307                                                                                                                     
87529	3600	2198	65729549	0	      25.378	       0.000	 36.470056	-105.622840                                                                                                                             
87530	974	507	365586910	200629	     141.154	       0.077	 36.348839	-106.191469                                                                                                                         
87531	368	264	92403704	588953	      35.677	       0.227	 36.246711	-105.839533                                                                                                                          
87532	18223	7929	294835025	894535	     113.836	       0.345	 35.993867	-106.088977                                                                                                                      
87533	185	69	53638	0	       0.021	       0.000	 36.024269	-106.066584                                                                                                                                   
87535	1270	709	166499361	0	      64.286	       0.000	 35.528725	-105.747703                                                                                                                             
87537	2957	1247	154008130	465711	      59.463	       0.180	 36.052227	-106.188827                                                                                                                       
87538	493	312	201654869	0	      77.859	       0.000	 35.494523	-105.571254                                                                                                                              
87539	269	163	201407136	21603	      77.764	       0.008	 36.376682	-106.043173                                                                                                                          
87540	923	536	219811494	21806	      84.870	       0.008	 35.449374	-105.907902                                                                                                                          
87543	247	147	52008249	0	      20.080	       0.000	 36.107035	-105.661206                                                                                                                               
87544	17950	8354	144522884	116004	      55.801	       0.045	 35.840721	-106.288109                                                                                                                      
87548	928	402	86760733	472811	      33.499	       0.183	 36.172398	-106.137809                                                                                                                          
87549	1118	525	244119514	494940	      94.255	       0.191	 36.237098	-106.009074                                                                                                                        
87551	305	427	79041680	25616783	      30.518	       9.891	 36.694598	-106.669448                                                                                                                        
87552	3325	1823	382999717	0	     147.877	       0.000	 35.646149	-105.601579                                                                                                                            
87553	1209	626	52959716	7087	      20.448	       0.003	 36.214889	-105.687472                                                                                                                           
87554	61	44	120388761	21516	      46.482	       0.008	 36.482898	-106.018670                                                                                                                            
87556	2417	1471	531144937	1556514	     205.076	       0.601	 36.783877	-105.492012                                                                                                                      
87557	6359	3127	261955359	18582	     101.142	       0.007	 36.291014	-105.681509                                                                                                                        
87558	606	1254	328317654	116933	     126.764	       0.045	 36.663936	-105.441614                                                                                                                        
87560	1445	791	1221704024	16818	     471.703	       0.006	 35.236758	-105.526197                                                                                                                        
87562	576	264	150113902	0	      57.959	       0.000	 35.416830	-105.684476                                                                                                                              
87564	332	191	64168684	0	      24.776	       0.000	 36.607972	-105.627890                                                                                                                               
87565	478	254	125225656	0	      48.350	       0.000	 35.413824	-105.489881                                                                                                                              
87566	3000	1223	53907510	722095	      20.814	       0.279	 36.072233	-106.068631                                                                                                                        
87567	1634	731	8396936	0	       3.242	       0.000	 35.993887	-106.020201                                                                                                                               
87569	442	215	204810697	0	      79.078	       0.000	 35.346377	-105.300633                                                                                                                              
87571	11706	6656	393581916	40786	     151.963	       0.016	 36.391450	-105.467624                                                                                                                       
87573	36	296	329912510	172240	     127.380	       0.067	 35.789390	-105.685641                                                                                                                          
87574	187	71	7769631	0	       3.000	       0.000	 35.821660	-105.899105                                                                                                                                 
87575	789	611	1521238559	12333494	     587.354	       4.762	 36.740095	-106.370823                                                                                                                      
87577	454	465	1004740177	323176	     387.932	       0.125	 36.669246	-106.014158                                                                                                                        
87578	611	376	113319950	49183	      43.753	       0.019	 36.047441	-105.770114                                                                                                                          
87579	890	637	320779337	24283	     123.854	       0.009	 36.094483	-105.563410                                                                                                                          
87580	449	298	61044173	0	      23.569	       0.000	 36.570074	-105.565783                                                                                                                               
87581	141	144	339256510	58882	     130.988	       0.023	 36.513480	-106.139632                                                                                                                          
87582	1350	671	48600642	465166	      18.765	       0.180	 36.156352	-106.016092                                                                                                                         
87583	234	138	75157035	0	      29.018	       0.000	 35.231374	-105.336304                                                                                                                               
87701	20081	9469	4172150045	7894789	    1610.876	       3.048	 35.542113	-104.933487                                                                                                                    
87710	1768	3063	398874421	3987721	     154.006	       1.540	 36.382459	-105.236309                                                                                                                      
87711	753	402	636604442	68788	     245.794	       0.027	 35.229352	-105.103828                                                                                                                          
87712	283	160	173597069	2005137	      67.026	       0.774	 35.850482	-105.182856                                                                                                                        
87713	283	230	182516218	0	      70.470	       0.000	 36.167125	-105.364871                                                                                                                              
87714	1151	604	1073878027	1593606	     414.627	       0.615	 36.389480	-104.912988                                                                                                                      
87715	532	318	111547347	66977	      43.069	       0.026	 36.017058	-105.429042                                                                                                                          
87718	467	809	245569342	2200559	      94.815	       0.850	 36.599808	-105.291885                                                                                                                        
87722	376	407	226897157	43168	      87.605	       0.017	 36.191932	-105.261219                                                                                                                          
87723	408	214	51473622	0	      19.874	       0.000	 36.058752	-105.375577                                                                                                                               
87724	88	38	14390073	0	       5.556	       0.000	 35.173363	-105.077485                                                                                                                                 
87728	417	237	348682795	7143997	     134.627	       2.758	 36.596537	-104.619084                                                                                                                        
87729	126	77	249967458	879808	      96.513	       0.340	 36.303476	-104.817967                                                                                                                          
87730	27	18	582373180	268874	     224.856	       0.104	 36.153001	-104.214447                                                                                                                           
87731	223	200	225914742	104343	      87.226	       0.040	 35.759858	-105.412730                                                                                                                         
87732	1672	1033	395420554	109363	     152.673	       0.042	 35.958002	-105.364286                                                                                                                       
87733	158	132	1060959678	132523	     409.639	       0.051	 35.815432	-103.839126                                                                                                                        
87734	181	178	381748107	34924	     147.394	       0.013	 36.166544	-105.085884                                                                                                                          
87735	90	58	89408234	121982	      34.521	       0.047	 36.069461	-105.153162                                                                                                                            
87736	233	135	66795724	166099	      25.790	       0.064	 35.980449	-105.197076                                                                                                                          
87740	8068	4155	3125751785	2234286	    1206.860	       0.863	 36.746631	-104.415322                                                                                                                     
87742	609	477	340488267	36370	     131.463	       0.014	 35.902351	-105.510938                                                                                                                          
87743	361	276	1439202730	110077	     555.679	       0.043	 35.973565	-104.090814                                                                                                                        
87745	654	375	343383103	4252294	     132.581	       1.642	 35.810926	-105.213646                                                                                                                        
87746	120	126	1193734936	18999	     460.904	       0.007	 35.776068	-104.046894                                                                                                                         
87747	1624	811	1884126510	5024515	     727.465	       1.940	 36.356194	-104.471772                                                                                                                      
87749	75	204	129788662	33107	      50.112	       0.013	 36.544433	-105.103365                                                                                                                           
87750	11	10	26385656	0	      10.188	       0.000	 35.825334	-104.927202                                                                                                                                 
87752	431	301	2260339082	2427752	     872.722	       0.937	 36.021594	-104.649986                                                                                                                       
87753	254	126	449046325	1067353	     173.378	       0.412	 35.863313	-104.954298                                                                                                                        
87801	10221	4615	369842168	25853	     142.797	       0.010	 34.127211	-106.826187                                                                                                                       
87820	161	157	407782428	1279488	     157.446	       0.494	 33.937653	-108.586820                                                                                                                        
87821	672	657	4654847288	1902993	    1797.247	       0.735	 33.979952	-108.062500                                                                                                                       
87823	884	436	155667100	123695	      60.103	       0.048	 34.206693	-106.985948                                                                                                                         
87824	194	185	359140750	255134	     138.665	       0.099	 33.828511	-108.981932                                                                                                                         
87825	2999	1305	6897450389	2328933	    2663.121	       0.899	 33.877317	-107.656226                                                                                                                     
87827	276	259	1538776991	767366	     594.125	       0.296	 34.406825	-108.096748                                                                                                                        
87828	429	187	5139414	0	       1.984	       0.000	 34.205853	-106.916719                                                                                                                                
87829	922	902	4539541095	6496629	    1752.727	       2.508	 34.357703	-108.642767                                                                                                                       
87830	999	667	2142249391	979125	     827.127	       0.378	 33.728055	-108.743608                                                                                                                        
87831	195	95	34335937	0	      13.257	       0.000	 34.264803	-106.932923                                                                                                                                
87832	600	331	3257901781	1658898	    1257.883	       0.641	 33.766896	-106.821217                                                                                                                       
87901	7139	4680	2089530794	125278506	     806.772	      48.370	 33.216795	-107.100585                                                                                                                   
87930	829	370	378522425	948334	     146.148	       0.366	 32.850681	-107.443567                                                                                                                         
87931	634	441	285570797	17038520	     110.260	       6.579	 32.953468	-107.426840                                                                                                                       
87933	106	33	3191605	0	       1.232	       0.000	 32.790195	-107.277913                                                                                                                                 
87935	1770	1758	93901978	60134	      36.256	       0.023	 33.254803	-107.229274                                                                                                                         
87936	515	202	31089019	531156	      12.004	       0.205	 32.752827	-107.263614                                                                                                                          
87937	3303	1126	463185109	1843776	     178.837	       0.712	 32.593181	-107.184320                                                                                                                      
87939	125	80	335889461	0	     129.688	       0.000	 33.412681	-107.488561                                                                                                                               
87940	669	254	166576270	1503377	      64.315	       0.580	 32.621516	-107.006541                                                                                                                        
87941	1216	368	20450720	156469	       7.896	       0.060	 32.720691	-107.219612                                                                                                                         
87942	898	537	383002909	467729	     147.878	       0.181	 33.060988	-107.348920                                                                                                                         
87943	228	233	2859407243	122607	    1104.023	       0.047	 33.383092	-107.736143                                                                                                                        
88001	37484	16135	29428951	0	      11.363	       0.000	 32.290052	-106.753893                                                                                                                           
88002	1656	565	465327123	4351	     179.664	       0.002	 32.462947	-106.486158                                                                                                                          
88003	894	4	857053	0	       0.331	       0.000	 32.280653	-106.745944                                                                                                                                   
88004	699	0	100654252	0	      38.863	       0.000	 32.223096	-106.987431                                                                                                                                
88005	27116	11467	127311050	499155	      49.155	       0.193	 32.258348	-106.823126                                                                                                                     
88007	24048	9538	962782093	1944934	     371.732	       0.751	 32.441092	-106.921275                                                                                                                     
88008	5747	2097	127318541	0	      49.158	       0.000	 31.839378	-106.682084                                                                                                                            
88009	88	35	644390851	2719304	     248.801	       1.050	 31.996024	-108.574773                                                                                                                          
88011	27698	13263	379184810	199310	     146.404	       0.077	 32.322234	-106.655684                                                                                                                     
88012	25961	9533	943435217	0	     364.262	       0.000	 32.583384	-106.771378                                                                                                                           
88020	882	490	3019596359	10126344	    1165.873	       3.910	 31.772410	-108.839423                                                                                                                      
88021	18421	5896	2066905837	744185	     798.037	       0.287	 31.951887	-107.016272                                                                                                                     
88022	1343	588	30348270	11164	      11.718	       0.004	 32.808002	-108.176468                                                                                                                          
88023	2406	1119	18182846	177670	       7.020	       0.069	 32.732574	-108.144426                                                                                                                        
88024	236	69	1921838	0	       0.742	       0.000	 32.070555	-106.639411                                                                                                                                 
88025	256	148	552795552	100491	     213.436	       0.039	 33.046807	-108.743434                                                                                                                         
88026	1658	769	13185320	71096	       5.091	       0.027	 32.752508	-108.162884                                                                                                                          
88027	493	179	192094569	0	      74.168	       0.000	 32.044128	-106.789582                                                                                                                              
88028	492	265	338778788	0	     130.803	       0.000	 32.932820	-108.635946                                                                                                                              
88029	1873	865	464804276	14214	     179.462	       0.005	 31.844879	-107.694722                                                                                                                         
88030	23222	10134	6670998567	417767	    2575.687	       0.161	 32.191634	-107.729431                                                                                                                    
88032	195	67	443317	0	       0.171	       0.000	 32.399562	-106.818760                                                                                                                                  
88033	11	9	214413151	0	      82.785	       0.000	 32.319619	-107.028854                                                                                                                                 
88034	96	53	238865996	236272	      92.227	       0.091	 32.613183	-107.938061                                                                                                                           
88038	431	257	995922517	4697060	     384.528	       1.814	 33.121970	-108.383037                                                                                                                        
88039	465	411	2089401464	1299513	     806.722	       0.502	 33.298451	-108.802691                                                                                                                       
88040	116	110	2902091868	10305749	    1120.504	       3.979	 31.597337	-108.354901                                                                                                                      
88041	1243	809	1158898058	1689041	     447.453	       0.652	 32.790119	-107.912538                                                                                                                      
88042	250	240	1403956895	231519	     542.071	       0.089	 32.812478	-107.578383                                                                                                                        
88043	1621	809	165461698	1908160	      63.885	       0.737	 32.610356	-108.100170                                                                                                                       
88044	3896	1507	306154932	962475	     118.207	       0.372	 32.147978	-106.805850                                                                                                                       
88045	3662	1695	2897504838	904992	    1118.733	       0.349	 32.385089	-108.756093                                                                                                                      
88046	697	371	6184492	0	       2.388	       0.000	 32.250018	-106.802262                                                                                                                                
88047	1967	764	18886372	0	       7.292	       0.000	 32.210041	-106.714690                                                                                                                              
88048	3862	1206	50688632	168570	      19.571	       0.065	 32.163447	-106.660086                                                                                                                        
88049	408	256	483955381	267127	     186.856	       0.103	 33.035582	-107.918696                                                                                                                         
88051	94	77	836972546	12636	     323.157	       0.005	 32.999155	-108.920335                                                                                                                            
88052	270	169	2638788	0	       1.019	       0.000	 32.425361	-106.599427                                                                                                                                
88053	133	95	28004395	0	      10.813	       0.000	 32.902516	-108.205929                                                                                                                                
88055	37	41	795016312	71539	     306.958	       0.028	 32.727817	-108.740990                                                                                                                            
88056	233	158	336914196	0	     130.083	       0.000	 31.844199	-108.982525                                                                                                                              
88061	18585	9006	3701432136	5702994	    1429.131	       2.202	 32.654439	-108.333546                                                                                                                    
88063	12799	3567	30049707	753015	      11.602	       0.291	 31.817964	-106.599107                                                                                                                       
88065	624	306	3673259	0	       1.418	       0.000	 32.677476	-108.328867                                                                                                                                
88072	2501	735	63183026	120405	      24.395	       0.046	 32.138064	-106.616106                                                                                                                         
88081	15708	4654	1026335458	17594	     396.270	       0.007	 32.231243	-106.230566                                                                                                                      
88101	45006	18662	1378042728	4521794	     532.065	       1.746	 34.499384	-103.275272                                                                                                                   
88103	278	0	11184807	172825	       4.318	       0.067	 34.383968	-103.318050                                                                                                                            
88112	123	80	436320293	458329	     168.464	       0.177	 34.845972	-103.176920                                                                                                                          
88113	103	56	199352250	66922	      76.970	       0.026	 33.772010	-103.085179                                                                                                                           
88114	35	27	452324327	88524	     174.643	       0.034	 33.523567	-103.199379                                                                                                                            
88115	44	25	4175306	26000	       1.612	       0.010	 33.930877	-103.345497                                                                                                                              
88116	455	253	3657852209	4291281	    1412.305	       1.657	 33.915700	-103.878832                                                                                                                       
88118	180	96	464856616	597389	     179.482	       0.231	 34.229541	-103.689486                                                                                                                          
88119	1932	1284	4467531196	28456166	    1724.924	      10.987	 34.321996	-104.406747                                                                                                                    
88120	239	129	792629889	271791	     306.036	       0.105	 34.799850	-103.346467                                                                                                                         
88121	152	98	642330300	0	     248.005	       0.000	 34.714623	-103.980636                                                                                                                               
88124	1165	637	2192908036	1555416	     846.687	       0.601	 34.543377	-103.651819                                                                                                                      
88125	90	46	835998158	113351	     322.781	       0.044	 33.705531	-103.225925                                                                                                                           
88126	30	16	131771181	241623	      50.877	       0.093	 33.811264	-103.372005                                                                                                                           
88130	18651	7543	1619022150	13820519	     625.108	       5.336	 34.129177	-103.299416                                                                                                                   
88132	199	105	531456585	1055552	     205.197	       0.408	 33.907299	-103.166766                                                                                                                        
88134	46	25	682965835	204192	     263.695	       0.079	 34.323093	-104.018715                                                                                                                           
88135	1804	676	439154207	1447511	     169.558	       0.559	 34.582808	-103.099614                                                                                                                       
88136	44	35	865069525	499432	     334.005	       0.193	 34.465332	-104.751178                                                                                                                           
88201	25490	11195	5928333069	13443641	    2288.942	       5.191	 33.637061	-104.377926                                                                                                                  
88203	31561	12305	3826665362	2784273	    1477.484	       1.075	 33.309569	-104.088238                                                                                                                   
88210	17217	6934	3307222397	27199626	    1276.926	      10.502	 32.771797	-104.219669                                                                                                                   
88220	33725	14464	5305911284	9282490	    2048.624	       3.584	 32.311477	-104.431913                                                                                                                   
88230	5179	1934	637557089	2726944	     246.162	       1.053	 33.219165	-104.397567                                                                                                                      
88231	3238	1412	950803120	36421	     367.107	       0.014	 32.451909	-103.262771                                                                                                                        
88232	2525	847	484957171	2639518	     187.243	       1.019	 33.077377	-104.465505                                                                                                                       
88240	37149	14041	1618596696	1244762	     624.944	       0.481	 32.703708	-103.485112                                                                                                                   
88242	6141	2335	143281405	185777	      55.321	       0.072	 32.813416	-103.162258                                                                                                                       
88250	270	161	1781921777	2342451	     688.004	       0.904	 32.701888	-104.960413                                                                                                                       
88252	2160	1082	2290984006	71945	     884.554	       0.028	 32.155119	-103.377932                                                                                                                       
88253	935	389	490970591	1596193	     189.565	       0.616	 32.934647	-104.626368                                                                                                                        
88254	191	98	146714497	400751	      56.647	       0.155	 32.612744	-104.450247                                                                                                                          
88255	128	57	17250596	0	       6.660	       0.000	 32.814201	-103.996448                                                                                                                                
88256	1925	740	1264836762	15458555	     488.356	       5.969	 32.198065	-103.908039                                                                                                                     
88260	14343	5244	1957769322	3394532	     755.899	       1.311	 32.991905	-103.381883                                                                                                                    
88262	30	23	175222346	64288	      67.654	       0.025	 33.117140	-103.421158                                                                                                                            
88263	175	72	266836057	1516336	     103.026	       0.585	 32.097881	-104.081618                                                                                                                         
88264	39	28	304851020	266644	     117.704	       0.103	 32.890912	-103.711709                                                                                                                           
88265	243	115	199804852	0	      77.145	       0.000	 32.620454	-103.302871                                                                                                                              
88267	1349	612	2484611516	3081152	     959.314	       1.190	 33.337444	-103.425219                                                                                                                      
88268	7	7	418266	0	       0.161	       0.000	 32.176318	-104.379667                                                                                                                                     
88301	1386	859	2277421013	54953	     879.317	       0.021	 33.784013	-105.785720                                                                                                                        
88310	35776	16669	1106376644	1273793	     427.174	       0.492	 32.640069	-106.075211                                                                                                                   
88311	854	482	6343484	1257	       2.449	       0.000	 32.807979	-105.987545                                                                                                                             
88312	2586	2834	250265899	33714	      96.628	       0.013	 33.437646	-105.672598                                                                                                                        
88314	210	131	121903957	28796	      47.067	       0.011	 33.110124	-105.866968                                                                                                                          
88316	2351	1358	2769526094	114095	    1069.320	       0.044	 33.797656	-105.322893                                                                                                                      
88317	1751	3217	611211914	169365	     235.990	       0.065	 32.923773	-105.636987                                                                                                                       
88318	381	274	3365227074	3803	    1299.321	       0.001	 34.207102	-105.396938                                                                                                                          
88321	187	140	2218975816	76957	     856.751	       0.030	 34.761307	-105.458330                                                                                                                         
88323	14	10	301788	0	       0.117	       0.000	 33.494704	-105.527545                                                                                                                                   
88324	210	126	100430232	0	      38.776	       0.000	 33.389812	-105.439057                                                                                                                              
88325	899	649	263109003	48365	     101.587	       0.019	 32.856605	-105.858376                                                                                                                          
88330	3054	1006	3572590	0	       1.379	       0.000	 32.836613	-106.077383                                                                                                                              
88336	267	169	321979312	24356	     124.317	       0.009	 33.328305	-105.280003                                                                                                                          
88337	2295	1131	103755426	93659	      40.060	       0.036	 32.996694	-105.884699                                                                                                                        
88338	189	118	261246885	614	     100.868	       0.000	 33.489525	-105.394520                                                                                                                            
88339	618	635	1163897718	813692	     449.383	       0.314	 32.941875	-105.260620                                                                                                                        
88340	3616	1114	1860070442	1470265	     718.177	       0.568	 33.176135	-105.583242                                                                                                                     
88341	538	360	257515433	186225	      99.427	       0.072	 33.426176	-105.856659                                                                                                                         
88342	52	43	15112802	1227	       5.835	       0.000	 32.388579	-106.111844                                                                                                                              
88343	48	33	681285459	0	     263.046	       0.000	 33.225921	-105.077180                                                                                                                                
88344	159	92	1719807899	3625258	     664.022	       1.400	 32.558694	-105.292323                                                                                                                        
88345	8845	9457	85539571	15485	      33.027	       0.006	 33.347226	-105.680284                                                                                                                         
88346	3132	1600	155197966	0	      59.922	       0.000	 33.353807	-105.540052                                                                                                                            
88347	100	187	99450544	90186	      38.398	       0.035	 32.756185	-105.657681                                                                                                                           
88348	314	170	26458096	0	      10.216	       0.000	 33.396166	-105.358391                                                                                                                               
88349	70	41	78508261	7555	      30.312	       0.003	 32.779277	-105.802258                                                                                                                              
88350	368	708	367898146	132578	     142.046	       0.051	 32.643391	-105.677014                                                                                                                         
88351	256	180	1714594170	0	     662.009	       0.000	 33.549422	-105.087715                                                                                                                             
88352	5188	2560	1276361689	1611312	     492.806	       0.622	 33.166311	-105.994033                                                                                                                     
88353	473	344	1798770115	0	     694.509	       0.000	 34.571355	-105.116141                                                                                                                             
88354	108	109	316268886	159036	     122.112	       0.061	 32.755149	-105.494342                                                                                                                         
88355	29	28	45391	0	       0.018	       0.000	 33.360416	-105.667375                                                                                                                                    
88401	6944	3864	2781595904	7728754	    1073.980	       2.984	 35.119482	-103.822230                                                                                                                     
88410	129	83	1411371301	1487968	     544.934	       0.575	 35.877027	-103.290783                                                                                                                        
88411	82	61	710288573	73275	     274.244	       0.028	 35.140656	-103.150619                                                                                                                            
88414	39	26	11669040	1360	       4.505	       0.001	 36.776962	-103.995689                                                                                                                              
88415	3569	1666	3116489743	9943034	    1203.283	       3.839	 36.311760	-103.326817                                                                                                                     
88416	189	618	183603503	9778715	      70.890	       3.776	 35.285771	-104.194698                                                                                                                        
88417	25	21	333455163	51063	     128.748	       0.020	 35.059210	-104.376625                                                                                                                            
88418	294	199	1315528547	1456754	     507.928	       0.562	 36.725861	-103.684739                                                                                                                       
88419	229	170	2381853799	3496544	     919.639	       1.350	 36.910053	-103.531021                                                                                                                       
88421	19	42	485498549	0	     187.452	       0.000	 35.298352	-104.481343                                                                                                                                
88422	68	58	624971629	690427	     241.303	       0.267	 36.345307	-103.991533                                                                                                                           
88424	128	94	2216082762	2320465	     855.634	       0.896	 36.412538	-103.656438                                                                                                                        
88426	1212	1153	1823962319	11257538	     704.236	       4.347	 35.541549	-103.509461                                                                                                                    
88427	119	72	532996610	0	     205.791	       0.000	 34.770502	-103.774375                                                                                                                               
88430	162	113	951554913	213	     367.397	       0.000	 35.581506	-103.180367                                                                                                                            
88431	49	45	543127393	8809	     209.703	       0.003	 35.170055	-104.274806                                                                                                                             
88434	369	199	969766623	166629	     374.429	       0.064	 35.174700	-103.305980                                                                                                                         
88435	3559	1633	4730109439	2759067	    1826.306	       1.065	 34.914150	-104.695792                                                                                                                     
88436	185	94	341841678	857736	     131.986	       0.331	 36.137269	-103.123137   
